0 161
0 172
0 324
0 327
0 454
0 568
0 817
0 936
1 89
1 169
1 248
1 451
1 477
1 873
2 34
2 184
2 558
2 794
3 471
3 558
3 840
4 36
4 53
4 116
4 125
4 505
4 828
5 453
5 561
5 702
6 308
7 66
7 513
7 830
8 157
8 415
8 478
9 326
9 687
9 732
9 839
10 390
10 776
10 816
10 853
10 881
11 184
11 648
11 674
12 732
12 801
12 950
13 186
13 234
13 499
13 595
13 688
13 774
13 775
13 873
13 972
13 978
13 994
14 413
14 482
14 529
14 620
14 644
14 925
15 66
15 80
15 123
15 350
15 433
15 849
15 889
16 178
16 331
16 528
16 620
16 649
16 729
16 731
16 984
17 358
17 988
18 68
18 225
18 421
18 555
18 717
18 827
19 112
19 268
19 309
19 333
19 500
19 619
20 269
20 315
20 379
20 393
20 505
20 647
20 811
21 341
21 405
21 792
21 793
21 848
21 945
21 986
22 936
23 221
23 359
23 826
24 42
24 109
24 481
24 752
24 946
25 67
25 258
25 285
25 338
25 421
26 38
26 106
26 130
26 229
27 208
27 932
28 75
28 104
28 294
29 528
29 883
29 926
29 979
29 981
30 68
30 718
31 654
31 921
32 250
32 415
32 446
32 469
32 582
33 83
33 118
33 196
33 349
34 87
34 140
34 403
34 496
34 525
34 810
34 915
35 192
35 337
35 339
35 515
35 526
35 740
35 882
35 922
36 149
36 579
36 808
36 825
36 905
37 189
37 198
37 272
37 334
37 428
37 552
37 989
38 179
38 344
38 484
38 594
38 615
38 836
38 868
39 126
39 153
39 536
39 663
39 729
39 820
40 163
40 321
40 334
40 353
40 426
40 465
40 942
40 979
41 90
41 378
41 394
41 467
41 490
41 673
41 704
41 944
42 230
42 231
42 535
42 604
42 701
42 707
42 719
43 111
43 433
43 841
43 869
43 891
44 497
44 557
44 894
44 995
45 175
45 237
45 523
45 620
45 651
45 692
45 920
45 926
45 943
45 992
46 48
46 295
46 595
46 680
46 952
47 164
47 324
47 924
48 121
48 125
48 719
48 772
49 109
49 558
50 57
50 154
50 268
50 321
50 364
50 917
51 210
51 882
51 897
52 262
53 93
53 597
53 916
54 95
54 150
54 330
54 350
54 594
54 708
54 734
54 871
54 948
55 148
55 385
55 479
55 669
55 707
55 925
55 954
56 58
56 642
56 922
56 952
57 141
57 340
57 528
57 621
57 663
58 117
58 188
58 511
58 719
59 144
59 262
59 515
59 853
59 911
60 68
60 210
60 734
61 154
61 378
61 740
61 758
61 813
61 875
62 356
62 566
62 875
63 200
63 252
63 329
63 492
63 571
63 750
64 502
64 646
64 902
65 120
65 575
65 601
66 158
66 162
66 435
66 642
66 856
67 75
67 339
67 591
67 675
67 698
67 942
68 245
68 263
68 431
68 489
68 515
68 790
68 875
68 893
69 80
69 382
69 709
69 725
69 959
70 176
70 288
70 297
70 953
71 363
71 745
71 842
72 158
72 570
72 643
72 891
72 928
73 131
73 232
73 346
73 373
73 454
73 488
73 539
73 715
73 879
74 136
74 175
74 235
74 254
74 441
74 858
74 888
75 338
75 407
75 439
75 699
75 753
75 876
76 365
76 380
76 421
76 502
76 876
76 968
77 202
77 289
77 952
78 333
78 585
78 624
78 701
79 289
79 590
79 647
79 672
80 92
80 557
80 862
81 455
81 986
82 209
82 357
82 373
82 405
82 605
82 660
82 773
82 901
83 96
83 377
83 431
83 459
83 793
83 957
84 227
84 234
84 467
84 487
84 633
84 916
85 94
85 296
85 435
85 542
86 347
86 674
86 842
87 278
87 787
88 93
88 189
88 750
88 968
88 999
89 109
89 390
89 801
90 296
90 494
90 827
90 921
91 142
91 401
91 678
91 704
91 742
91 768
91 874
92 188
92 511
92 881
92 900
93 158
93 279
93 341
93 585
93 763
93 870
94 154
94 759
94 902
94 916
94 961
95 372
95 816
96 328
96 480
96 483
96 765
96 942
97 358
97 648
97 835
97 914
98 245
98 337
98 500
98 805
99 201
99 237
99 357
99 434
99 509
99 659
99 672
100 482
100 528
100 752
100 800
100 847
101 593
101 676
101 792
102 109
102 407
102 658
102 767
102 928
103 169
103 604
103 654
103 765
104 936
104 947
105 459
105 476
105 577
105 600
105 785
105 934
106 689
106 781
106 880
107 490
107 524
107 630
107 670
107 724
107 864
108 313
108 385
108 687
108 875
109 199
109 340
109 353
109 481
109 522
109 788
109 902
110 174
110 200
110 559
110 697
110 818
111 286
111 537
111 605
111 651
111 969
112 203
112 797
112 995
113 120
113 797
113 897
114 209
114 498
114 556
114 770
114 987
115 529
115 840
115 978
115 980
116 122
116 393
116 447
116 534
116 643
116 668
116 784
117 167
117 408
117 441
117 832
117 935
118 543
118 616
119 183
119 249
119 348
120 126
120 356
120 783
120 954
121 289
121 340
121 410
121 434
121 625
122 128
122 187
122 721
122 875
123 680
124 208
124 347
124 418
124 612
124 662
124 889
125 329
125 583
125 643
126 234
126 244
126 375
126 559
126 651
126 752
126 797
127 213
127 239
127 293
127 416
127 464
127 537
127 677
127 755
127 795
127 844
127 922
127 948
128 221
128 611
128 930
129 366
129 553
129 578
129 601
130 141
130 672
131 587
131 655
131 963
132 150
132 285
132 360
132 656
132 716
132 756
133 154
133 315
133 345
133 810
133 837
134 261
134 484
134 641
134 753
134 772
134 815
134 875
135 609
136 341
136 532
136 584
136 644
136 839
137 230
137 232
137 615
137 686
138 219
138 528
138 748
138 807
139 162
139 172
139 407
139 580
139 688
140 241
140 427
140 496
140 650
141 359
141 652
141 949
141 972
142 373
142 770
142 911
143 226
143 797
143 976
144 300
144 769
145 175
145 542
145 613
145 744
145 928
146 175
146 306
146 344
146 351
146 697
146 855
147 244
147 613
147 763
148 258
148 609
148 757
148 935
148 985
149 156
149 255
149 303
149 400
149 684
149 906
150 265
150 311
150 373
150 540
150 588
150 641
150 767
150 876
151 546
151 923
151 961
152 163
152 214
152 474
152 502
153 593
154 299
154 633
154 698
154 762
155 285
155 302
155 673
155 774
155 798
155 852
156 730
156 927
157 274
157 465
157 520
157 533
158 301
158 452
158 834
158 844
158 904
158 961
159 160
159 502
159 634
159 725
159 844
160 528
160 835
161 234
161 306
161 339
161 412
161 590
161 936
162 749
162 781
162 787
162 794
162 798
162 985
163 189
163 576
163 615
163 625
163 671
164 436
164 494
164 761
164 918
165 197
165 319
165 787
165 842
165 901
165 962
166 384
166 845
167 276
167 320
167 551
167 708
168 181
168 230
168 363
168 375
168 543
168 592
168 596
168 741
168 791
169 187
169 416
169 564
169 832
169 903
169 994
170 250
170 254
170 412
170 685
170 797
171 452
171 797
171 900
172 208
172 360
172 422
172 435
172 589
172 594
172 976
173 358
173 900
173 983
174 532
174 584
174 751
174 765
174 913
175 329
175 369
175 438
175 525
175 539
175 566
175 567
175 617
176 468
176 469
176 750
176 855
177 398
178 315
178 358
178 638
178 983
179 250
179 325
179 347
179 352
179 904
180 240
180 569
180 590
181 318
181 342
181 492
181 664
182 512
182 598
182 676
182 870
182 877
182 887
183 545
183 684
183 705
183 784
183 979
184 351
185 758
185 993
186 444
186 592
186 618
186 760
186 776
187 233
187 523
188 252
188 434
188 568
188 576
188 846
188 965
189 201
189 460
189 531
189 831
189 843
189 964
190 233
190 254
190 270
190 289
190 400
190 519
190 744
191 212
191 704
191 774
191 975
192 448
192 670
192 701
192 721
192 776
192 821
192 923
193 279
194 413
194 500
194 615
194 726
194 758
194 823
195 427
195 436
195 565
195 620
195 979
196 254
196 270
196 356
196 397
196 520
196 569
197 395
197 442
197 685
197 801
197 933
198 199
198 348
198 490
198 741
198 762
198 880
199 451
199 875
199 904
199 906
200 473
200 672
200 753
200 882
200 901
200 946
201 359
201 412
202 232
202 248
202 553
202 781
202 985
203 353
203 407
203 570
203 920
203 995
204 578
205 213
205 307
205 337
205 802
205 831
206 564
206 886
207 442
207 484
207 491
207 542
207 970
208 506
208 642
208 669
208 813
209 229
209 275
209 606
209 792
209 795
210 506
210 570
210 744
211 323
211 474
211 490
211 511
211 533
211 665
212 624
213 556
213 759
213 761
213 900
213 912
214 380
214 632
214 665
214 666
215 440
216 628
216 699
216 836
216 893
217 639
217 696
218 327
218 343
218 413
218 473
219 402
219 534
219 536
219 780
219 866
219 944
219 945
220 303
220 423
220 551
220 739
220 770
220 835
220 858
221 433
221 961
223 224
223 318
223 453
223 747
223 753
223 755
223 913
224 975
225 253
225 285
226 349
226 935
227 507
227 912
227 962
228 549
228 689
228 954
228 966
229 390
229 404
229 705
230 369
230 374
230 522
230 664
230 737
231 349
231 367
231 385
231 469
231 728
231 755
232 933
232 939
233 389
233 390
233 559
233 677
234 473
234 488
234 831
234 898
234 963
235 878
236 650
237 287
237 321
237 588
237 666
237 995
238 287
238 446
238 657
238 743
238 820
238 889
239 316
239 387
239 684
239 894
239 968
240 270
240 424
240 961
241 246
241 304
241 744
241 809
241 892
242 543
242 605
242 631
242 794
242 845
243 272
243 274
243 473
243 851
243 969
244 500
244 624
244 733
244 878
245 254
245 417
245 425
245 440
245 454
245 558
245 638
247 442
247 486
247 528
247 829
247 874
247 905
248 308
248 400
248 589
248 935
248 998
248 999
249 411
249 428
249 514
249 531
249 687
249 757
250 323
250 431
250 837
251 301
251 797
252 285
252 471
252 832
252 836
252 900
253 272
253 732
254 378
254 384
254 692
254 806
255 386
255 417
256 294
256 305
256 348
256 628
256 637
256 901
256 964
256 978
257 488
258 414
258 505
258 555
259 288
259 428
259 506
259 605
259 611
259 736
259 763
260 475
260 513
260 600
260 650
260 776
260 932
261 438
261 772
261 916
262 372
262 740
262 874
263 893
264 320
264 538
264 694
264 711
264 870
265 424
265 738
265 771
266 277
266 547
266 548
266 638
266 856
267 363
267 841
267 932
268 320
268 385
268 423
268 498
268 702
268 778
268 841
268 965
269 383
269 609
269 719
269 752
269 984
270 358
271 450
271 719
272 924
273 464
273 471
273 748
273 767
273 768
274 315
274 498
274 878
275 473
275 745
276 308
276 453
277 380
277 552
278 531
278 788
279 753
279 875
280 623
280 957
281 360
281 580
281 683
281 700
281 785
281 818
281 839
281 923
283 416
283 730
284 630
284 763
284 841
284 859
285 363
285 609
285 875
286 579
287 310
287 497
287 545
287 709
288 744
288 768
289 819
289 954
289 988
291 494
291 711
291 831
292 379
292 536
292 652
292 987
294 532
294 579
295 521
295 586
295 593
296 412
296 820
296 875
297 721
297 953
297 978
298 489
298 573
299 360
299 546
299 713
299 719
299 769
299 839
300 493
300 938
301 495
301 590
301 708
301 873
302 367
302 466
302 561
302 687
302 887
302 990
303 404
303 411
303 855
303 974
304 391
304 453
304 483
304 634
304 864
305 370
305 630
305 638
305 988
306 477
306 550
306 653
306 895
307 380
307 451
307 662
307 782
307 792
308 376
309 930
310 585
310 842
310 904
311 348
311 451
311 674
311 704
311 875
312 758
312 963
313 449
313 736
313 990
314 623
314 842
314 862
315 447
315 511
315 757
315 885
315 960
316 331
316 379
316 447
316 621
317 328
317 340
317 398
317 439
317 458
317 550
317 643
317 817
317 982
318 343
318 669
318 869
318 885
318 975
319 680
320 430
320 655
321 712
322 593
322 819
322 868
322 920
323 517
323 593
323 632
323 636
323 697
323 747
323 839
324 365
324 378
324 669
324 697
325 394
325 413
325 702
325 733
325 919
326 379
326 407
326 756
328 634
328 692
329 474
329 661
329 986
330 365
330 588
330 705
330 894
331 698
331 943
332 705
333 493
333 609
333 733
333 890
333 922
334 516
334 987
335 583
335 814
335 879
336 367
336 993
337 417
337 460
337 569
337 943
338 492
338 874
339 487
339 635
339 744
339 809
339 905
340 566
340 786
340 794
340 873
341 851
341 864
342 346
342 431
342 474
342 612
342 623
342 694
342 851
342 869
342 893
343 403
343 657
344 474
344 499
344 754
344 776
344 984
345 406
345 832
346 447
347 813
347 929
348 454
348 586
348 628
349 845
349 953
350 471
350 783
350 888
350 995
351 388
351 486
351 555
351 969
352 692
352 832
353 569
353 600
353 872
353 989
354 492
354 547
354 627
354 650
354 691
354 962
355 543
355 662
355 759
355 809
355 944
355 984
355 998
356 994
357 396
357 576
357 611
357 890
357 928
358 483
358 645
359 362
359 671
359 705
360 363
360 384
360 488
360 672
360 968
361 427
361 485
362 511
362 663
362 702
362 845
362 946
363 384
363 925
364 823
365 398
367 417
367 437
367 673
367 813
368 374
368 507
368 512
368 560
368 699
368 888
368 925
369 516
369 663
369 818
370 374
370 559
370 579
370 604
370 676
370 829
371 506
371 640
371 752
372 631
372 720
372 750
372 933
373 619
373 888
373 928
374 422
374 528
374 571
374 904
375 482
375 559
375 583
375 959
376 517
376 665
378 415
378 418
378 526
378 760
378 867
378 963
380 413
380 641
380 880
381 897
382 611
384 488
384 773
385 462
385 902
386 400
386 729
386 831
386 879
386 987
387 449
387 545
387 571
387 723
387 726
388 612
388 666
388 869
389 668
389 782
389 826
389 922
390 564
390 841
390 909
391 445
391 941
392 528
392 539
392 759
392 792
393 523
393 552
393 691
393 820
393 866
393 895
394 529
394 549
394 981
395 549
395 608
396 468
396 766
396 966
397 447
397 608
397 710
397 816
397 879
398 727
399 423
399 539
399 801
399 818
399 911
399 921
399 935
399 956
400 420
400 474
400 860
400 873
400 927
401 433
402 649
402 916
403 487
403 986
404 525
404 571
404 894
404 929
405 503
405 572
405 652
406 421
406 510
406 544
406 560
406 561
406 563
406 691
406 921
407 437
407 513
407 675
408 920
408 994
409 490
409 529
409 542
409 552
409 668
409 735
409 913
410 494
410 515
410 776
410 897
410 941
411 430
411 479
411 555
411 931
411 954
412 505
412 721
412 786
412 920
412 964
413 802
414 684
414 800
414 821
414 825
414 923
414 931
414 945
415 728
415 927
416 688
416 870
417 637
417 678
417 929
417 969
417 982
418 438
418 496
418 647
418 844
418 866
419 576
419 840
419 934
420 490
420 503
420 506
421 636
421 715
421 966
422 703
423 545
423 680
423 887
423 935
423 992
424 619
424 866
425 773
425 822
425 979
426 578
426 854
428 746
429 587
429 726
429 808
430 505
432 489
432 508
432 556
432 618
432 960
433 582
434 575
434 822
434 853
435 529
435 808
435 971
436 457
436 464
436 532
436 565
436 699
436 804
436 816
436 965
437 940
438 602
438 619
439 536
439 706
439 834
440 576
440 593
440 919
440 992
441 833
441 926
441 984
442 903
443 542
443 584
443 725
443 969
444 621
444 799
445 465
445 467
446 623
446 824
447 878
448 535
448 581
448 835
449 614
449 721
449 910
451 613
451 701
451 838
452 814
452 862
453 621
453 681
453 777
453 982
454 571
454 857
454 985
455 648
455 751
456 630
456 747
457 594
457 849
457 985
458 633
458 917
458 940
459 531
459 560
459 834
459 910
459 932
461 673
461 723
462 583
462 973
463 567
463 707
463 950
464 483
464 742
464 784
465 551
465 713
466 576
466 616
466 713
466 733
466 976
467 476
467 513
467 516
467 618
467 634
467 749
467 764
468 696
468 856
468 941
468 944
469 630
469 660
470 645
470 857
470 867
470 876
471 804
471 946
472 491
472 517
472 536
472 807
473 844
475 540
476 634
476 696
477 551
477 759
477 984
478 731
478 802
478 865
479 691
479 765
479 981
480 586
481 515
481 587
481 970
482 521
482 565
482 733
482 955
483 987
484 667
484 873
485 582
485 657
485 692
485 728
485 865
485 964
486 978
489 594
489 615
489 737
489 752
490 555
490 997
492 516
492 766
492 832
492 864
492 966
494 541
494 631
494 705
494 860
495 664
495 741
496 746
496 901
497 626
497 907
498 925
498 981
499 692
499 733
500 559
500 600
500 662
500 804
500 999
501 614
501 950
502 567
502 911
503 729
503 733
503 980
504 528
504 545
504 736
504 738
504 797
505 519
505 583
505 652
505 732
506 645
507 768
508 518
508 553
508 576
509 537
509 760
509 832
509 986
510 558
510 866
511 557
511 755
512 545
512 814
512 907
512 916
514 643
514 903
514 926
515 536
516 584
516 934
517 701
517 767
517 858
518 677
518 771
519 537
519 604
519 846
519 860
520 627
520 877
522 564
522 585
522 726
522 947
523 589
523 727
523 954
524 584
524 854
524 885
525 566
525 686
525 716
525 832
526 832
527 579
527 700
527 776
527 871
530 721
531 540
531 541
531 971
531 996
532 903
533 577
533 850
533 900
534 731
534 845
534 905
534 987
534 991
535 566
535 726
535 865
535 950
537 618
537 717
537 935
538 999
539 570
539 883
539 980
539 999
540 815
542 610
542 896
542 922
543 784
544 754
544 832
545 951
546 742
546 867
546 921
547 751
547 950
548 902
549 939
549 994
550 860
550 982
551 959
552 594
552 846
552 879
554 837
554 865
554 916
554 918
555 739
555 824
556 568
558 616
558 979
559 721
559 821
560 771
561 712
561 861
562 599
562 926
563 660
563 761
563 901
564 600
564 669
565 730
565 768
565 782
566 868
567 658
568 693
568 948
569 720
570 986
571 691
571 872
572 754
572 773
572 995
573 777
574 590
574 757
575 585
575 770
576 676
576 749
576 831
576 917
576 961
576 969
577 708
577 953
577 989
578 705
579 660
580 739
580 784
580 804
580 961
581 724
581 868
582 649
583 650
584 668
584 770
584 808
585 628
585 705
585 742
585 798
585 834
586 622
586 690
586 698
587 659
587 771
588 655
588 843
588 872
589 685
589 967
590 701
590 742
590 762
591 639
591 727
591 909
592 594
592 724
592 850
596 668
596 731
596 776
597 931
597 932
597 991
598 864
599 827
600 617
600 854
601 748
602 926
602 933
603 928
604 840
604 848
605 970
606 779
606 879
609 942
609 959
610 841
610 951
611 635
611 666
611 671
612 759
613 944
614 636
614 851
615 807
615 843
616 669
616 805
616 938
617 625
617 710
617 780
617 976
618 657
618 696
619 765
620 832
620 950
623 656
623 721
623 762
623 931
624 701
624 893
624 977
625 644
625 733
626 660
626 720
626 842
627 747
627 873
628 674
628 677
628 919
628 940
629 794
629 797
629 869
629 900
629 969
629 977
630 946
631 712
632 635
632 875
632 896
632 954
634 685
634 849
634 972
634 996
636 682
637 643
637 791
637 827
637 951
638 837
639 811
640 659
640 705
640 713
640 774
640 859
640 924
641 728
641 756
641 960
641 984
642 871
643 960
644 824
644 872
644 958
645 991
647 662
648 694
648 866
648 918
649 878
650 717
650 741
650 930
651 860
653 696
654 698
654 699
654 718
654 792
654 870
655 687
655 739
655 796
655 879
656 798
657 716
658 698
658 837
658 897
659 773
659 797
659 988
660 867
661 896
661 995
663 842
663 876
664 810
665 716
665 717
667 882
667 978
668 723
670 723
670 778
670 869
671 959
672 893
673 831
675 677
675 700
677 682
677 708
677 718
677 811
678 699
678 702
678 856
680 767
680 794
681 720
682 723
682 775
682 792
682 963
683 886
683 938
685 820
685 851
685 947
685 963
686 816
686 948
687 853
688 921
689 737
689 768
689 844
690 805
692 989
695 829
696 847
696 910
697 771
698 705
698 974
699 934
701 806
701 904
702 803
705 870
705 913
706 934
708 905
709 774
710 833
710 883
710 982
711 800
712 734
712 788
713 717
713 724
713 862
714 774
714 931
715 823
717 808
719 878
720 959
721 797
722 932
723 817
724 833
725 751
725 835
725 836
725 883
725 928
727 786
727 977
729 936
729 988
730 937
731 963
732 879
732 883
732 976
734 803
734 899
737 855
737 941
738 872
738 891
739 769
739 782
739 802
739 877
739 933
740 893
740 937
741 871
741 976
742 792
743 832
743 989
747 867
748 882
750 998
751 757
751 841
752 764
752 799
753 905
754 957
758 947
759 808
759 935
761 902
762 906
763 774
763 909
765 943
765 965
766 908
766 913
767 825
767 910
769 789
770 855
770 897
770 921
771 840
771 845
771 901
771 904
773 870
774 800
774 823
774 989
775 906
776 843
776 908
777 907
777 927
777 938
779 988
780 815
780 902
783 952
785 852
785 858
785 878
785 895
787 838
787 990
788 890
789 801
789 988
793 935
793 954
794 908
796 893
796 993
802 848
802 923
803 840
803 872
806 900
807 808
807 853
808 947
809 946
811 943
811 988
812 924
814 985
815 916
816 848
821 944
821 949
822 883
822 893
823 844
823 880
823 911
823 940
823 959
827 889
828 881
829 931
830 859
830 942
831 878
831 879
831 880
832 931
832 983
832 994
833 998
834 981
838 854
838 855
838 971
839 913
839 924
840 952
841 843
841 899
842 876
844 987
846 880
846 991
850 902
852 875
852 967
852 988
853 901
853 951
854 931
854 972
857 928
857 929
862 939
865 945
867 883
867 949
868 934
868 951
868 961
871 900
871 974
872 950
873 876
878 887
878 953
878 995
879 914
884 900
890 969
890 987
892 949
898 925
900 962
903 974
905 925
906 922
908 967
909 912
910 995
917 925
917 961
917 995
918 963
920 935
926 929
926 937
929 996
931 972
937 993
943 985
948 959
949 975
950 955
954 956
955 967
956 979
956 985
956 995
960 985
961 970
965 977
965 996
966 995
967 972
969 978
971 985
977 987
988 996